Extracting MNIST_data/train-images-idx3-ubyte.gz
Extracting MNIST_data/train-labels-idx1-ubyte.gz
Extracting MNIST_data/t10k-images-idx3-ubyte.gz
Extracting MNIST_data/t10k-labels-idx1-ubyte.gz
0.1658
0.1938
0.2278
0.2632
0.306
0.3553
0.4006
0.4473
0.4894
0.5302
0.5635
0.5961
0.6304
0.6582
0.6791
0.7002
0.7195
0.7361
0.7498
0.7626
0.7749
0.7829
0.7904
0.7971
0.8037
0.8101
0.8164
0.8216
0.8272
0.8308
0.8349
0.8374
0.8404
0.8438
0.8474
0.8504
0.8529
0.8551
0.8576
0.8598
0.8616
0.8634
0.8648
0.866
0.8682
0.8692
0.8704
0.8709
0.8722
0.8738
0.8755
0.8773
0.8782
0.8792
0.8811
0.8819
0.8828
0.8837
0.8848
0.8861
0.8868
0.8876
0.8886
0.8888
0.8894
0.8898
0.8903
0.8909
0.8909
0.8917
0.8919
0.8925
0.8927
0.893
0.8937
0.8943
0.8953
0.8958
0.8958
0.8969
0.897
0.897
0.8972
0.8976
0.8982
0.8983
0.8988
0.8991
0.8997
0.8998
0.9001
0.9005
0.9008
0.9013
0.9013
0.9016
0.902
0.9023
0.9025
0.9027
0.9032
0.9039
0.904
0.9045
0.9045
0.9048
0.905
0.9057
0.906
0.9061
0.9064
0.9062
0.9065
0.9066
0.9068
0.9073
0.9072
0.9074
0.9076
0.9079
0.9083
0.9084
0.9086
0.9089
0.9092
0.9093
0.9095
0.91
0.9102
0.9103
0.9104
0.9106
0.9108
0.9109
0.9109
0.9112
0.9114
0.9115
0.9116
0.9117
0.9118
0.9119
0.9118
0.9117
0.9118
0.9118
0.9122
0.9126
0.9128
0.9135
0.9135
0.9136
0.9136
0.9136
0.9135
0.9137
0.9142
0.9141
0.9142
0.9143
0.9142
0.9143
0.9142
0.9144
0.9145
0.9145
0.9145
0.9146
0.9147
0.9148
0.915
0.9151
0.9151
0.9152
0.9153
0.9154
0.9154
0.9155
0.9155
0.9156
0.9158
0.9159
0.916
0.9161
0.9164
0.9163
0.9162
0.9163
0.9163
0.9163
0.9162
0.9162
0.9164
0.9164
0.9163
0.9166
0.9166
0.9167
0.9167
0.9168
0.9168
0.9168
0.9169
0.9169
0.917
0.9171
0.9171
0.9172
0.9173
0.9175
0.9176
0.9176
0.9175
0.9176
0.9177
0.9181
0.918
0.9179
0.918
0.9183
0.9183
0.9183
0.9184
0.9184
0.9186
0.9187
0.9187
0.9188
0.9188
0.9188
0.9188
0.9189
0.9192
0.9192
0.9192
0.9194
0.9195
0.9197
0.9197
0.9198
0.9198
0.92
0.9201
0.9202
0.9201
0.9202
0.9203
0.9203
0.9203
0.9203
0.9203
0.9205
0.9206
0.9208
0.9208
0.9209
0.9208
0.9209
0.921
0.9211
0.9211
0.9211
0.9212
0.9213
0.9212
0.9212
0.9212
0.9212
0.9211
0.9212
0.9213
0.9212
0.9211
0.9212
0.9212
0.9212
0.9214
0.9214
0.9214
0.9214
0.9214
0.9213
0.9213
0.9214
0.9216
0.9218
0.9219
0.9221
0.9221
0.9221
0.9222
0.9221
0.9221
0.9223
0.9223
0.9223
0.9223
0.9223
0.9222
0.9221
0.9222
0.9222
0.9222
0.9222
0.9222
0.9222
0.9222
0.9221
0.9222
0.9222
0.9223
0.9223
0.9223
0.9223
0.9224
0.9225
0.9226
0.9227
0.9227
0.9227
0.9226
0.9228
0.9228
0.9229
0.923
0.9232
0.9232
0.9232
0.9231
0.9231
0.9229
0.9229
0.923
0.9231
0.9231
0.9231
0.9233
0.9233
0.9235
0.9235
0.9236
0.9237
0.9236
0.9236
0.9236
0.9236
0.9237
0.9237
0.9239
0.9239
0.9239
0.9239
0.9239
0.9239
0.9239
0.9239
0.924
0.9239
0.9239
0.9239
0.9238
0.9239
0.9239
0.9239
0.9238
0.924
0.9239
0.9239
0.9238
0.9239
0.9239
0.9238
0.9237
0.9237
0.9237
0.9236
0.9236
0.9236
0.9236
0.9237
0.9237
0.9237
0.9238
0.9238
0.9237
0.9238
0.9238
0.9238
0.9238
0.9238
0.9238
0.9239
0.924
0.924
0.924
0.924
0.9241
0.9241
0.9241
0.9241
0.9242
0.9242
0.9242
0.9242
0.9242
0.9242
0.9242
0.9242
0.9241
0.9241
0.9242
0.9242
0.9242
0.9243
0.9244
0.9244
0.9244
0.9244
0.9243
0.9243
0.9243
0.9243
0.9241
0.9241
0.9241
0.9241
0.9241
0.9243
0.9245
0.9245
0.9246
0.9246
0.9246
0.9246
0.9246
0.9247
0.9248
0.9248
0.9249
0.9249
0.9249
0.9249
0.9249
0.9248
0.9248
0.9248
0.9248
0.9248
0.9248
0.9248
0.9248
0.9248
0.9248
0.9248
0.9248
0.9249
0.925
0.925
0.925
0.925
0.925
0.925
0.925
0.9249
0.9249
0.9249
0.9249
0.9249
0.9249
0.9249
0.925
0.9251
0.925
0.925
0.925
0.925
0.925
0.925
0.925
0.9251
0.9251
0.925
0.925
0.9249
0.9249
0.9249
0.925
0.925
0.925
0.925
0.925
0.9249
0.9251
0.9252
0.9252
0.9252
0.9252
0.9252
0.9252
0.9251
