Extracting MNIST_data/train-images-idx3-ubyte.gz
Extracting MNIST_data/train-labels-idx1-ubyte.gz
Extracting MNIST_data/t10k-images-idx3-ubyte.gz
Extracting MNIST_data/t10k-labels-idx1-ubyte.gz
testimage_shape: (100, 784)
testlabel_shape: (100, 10)
k_output_i(0): [[0.87752455 0.9339385  0.6484252  1.0864311  0.91583264 0.8834396
  0.7628485  1.1301141  1.1557161  1.1351665 ]
 [0.75900877 0.67275995 0.8096229  0.9383216  0.93240964 1.0434804
  1.0933375  0.82603097 0.88859135 0.68470377]
 [0.9430764  0.8722524  0.8914288  0.9616352  0.71091735 0.9952406
  1.001087   0.99096614 1.0931907  1.0004765 ]
 [1.0962359  0.8608866  0.90690285 1.1206473  1.0846106  0.85137343
  1.1390429  0.8421083  0.9636124  1.0325147 ]
 [0.6992588  1.0589365  0.9536627  1.0281183  1.2365409  0.96416706
  0.6784333  1.4853922  1.1483065  0.97422105]
 [1.1883621  0.990987   1.1870328  1.0278016  0.9508852  0.5913197
  1.1854929  1.1988698  0.6764983  0.7090311 ]
 [1.2172573  0.55117816 0.8177302  0.8205603  1.4510391  1.0715146
  0.7940786  1.0077673  0.8917271  1.3283378 ]
 [0.88888806 1.1801678  1.1864177  1.143348   0.9113991  1.2311382
  1.2952588  0.7435405  0.8187116  1.0448624 ]
 [1.4406955  0.91106796 1.2486587  0.89102465 0.78094405 0.96489304
  0.5651711  1.0204223  1.2947971  1.135583  ]
 [0.99984556 0.9871119  1.1961838  1.1444689  1.1122149  0.6514242
  0.8187228  0.9130355  0.9298728  0.8212999 ]]
k_hl1_i(0)[230:250,:]: [[1.0300316  1.4514037  0.4994961  0.94471675 0.99889827 0.7425996
  0.9393347  1.2830749  1.153296   0.8889037 ]
 [0.62869096 0.672805   1.1210849  0.7509226  1.1586545  0.64530903
  1.0987202  0.8905938  0.8678331  0.8962407 ]
 [1.0092717  0.713407   1.2349946  0.9794621  0.8965739  0.9565291
  0.71453226 1.1421111  0.9788072  0.76748765]
 [0.94942904 1.2885513  0.8424259  0.7515963  0.74679214 1.0707934
  0.8115107  0.78532565 0.5931541  1.0143752 ]
 [0.8973236  1.0493305  0.8022971  0.68019474 1.2253627  1.1420494
  0.8990341  1.1650368  0.92675436 1.0692141 ]
 [0.79951906 1.1179031  1.1305846  0.74986064 1.0702046  0.6952263
  0.8889302  0.8647258  0.9577626  0.3623823 ]
 [0.74256    1.125221   0.8707587  1.212033   1.0123651  0.8889568
  0.65486    0.8795555  0.6719021  0.88964194]
 [1.0597572  0.986172   0.73092836 0.72095    0.72999954 0.8349653
  1.0233997  1.002361   0.7079324  0.5015764 ]
 [0.8693724  1.1655592  0.81461537 0.6402217  1.0243965  0.9518511
  0.9015518  0.92262495 1.0294993  1.0761404 ]
 [1.2613529  0.85984915 0.9743337  0.654263   0.870961   1.0697907
  1.0283443  0.7848754  0.7266546  1.1242847 ]
 [1.4519131  0.75124294 1.1187347  1.1064917  0.8086587  0.7485904
  0.8153565  1.1583855  1.0788538  0.97803193]
 [1.1460793  0.85325456 0.88548136 1.0312113  0.57124007 1.0348037
  0.94541335 0.51457185 1.1766746  0.7755497 ]
 [0.942539   0.70068216 0.99808973 0.9545747  1.4182361  1.0817567
  1.2704709  0.7414742  1.1773189  0.82151425]
 [0.95980614 0.85907453 0.93484604 0.7582435  1.0384398  1.1590583
  1.1261169  0.96211135 0.75166464 1.0415587 ]
 [1.2733337  0.88631904 1.0340614  0.7657818  0.8071198  0.9282675
  0.5089128  0.9192363  1.0880289  1.1952595 ]
 [1.1603876  0.6976868  0.7436079  0.9582317  1.070556   0.7670618
  0.9623961  0.89870083 0.9622193  1.0202049 ]
 [0.8536064  0.97705007 1.0418102  0.82485294 1.2373645  0.8746572
  1.0787921  1.1806711  0.9632477  0.63153064]
 [0.9786207  1.1453725  1.1725589  1.1665468  0.7282798  0.9759692
  0.72394985 0.8159829  0.8729698  0.8607522 ]
 [0.9755386  0.95705014 1.2104561  1.1760104  1.2308812  1.1179912
  1.1801627  0.6491567  1.1006747  0.95214397]
 [1.1159669  1.3363044  1.4668711  1.0159777  0.8857935  0.98737895
  0.71329415 0.8206369  1.0097183  0.85246783]]
Accuracy_i(0): 0.16
np_accuracy_i(1): 0.16
k_output_i(1): [[0.91136074 0.96924675 0.6837399  1.047938   0.95095277 0.8883987
  0.79815793 1.0805162  1.1910441  1.1704973 ]
 [0.79263633 0.70778537 0.84472865 0.9000859  0.96729076 1.0483749
  1.128436   0.7764326  0.92367244 0.7197688 ]
 [0.9768434  0.9074263  0.9266479  0.9232944  0.74591887 1.000141
  1.0362976  0.9413663  1.1284008  1.0356741 ]
 [1.1301489  0.8962684  0.9423022  1.082143   1.1198149  0.8563632
  1.1744492  0.7924965  0.9990154  1.067917  ]
 [0.73308456 1.094225   0.9889593  0.9897225  1.271651   0.9691249
  0.71371764 1.435785   1.1836106  1.0095329 ]
 [1.2224665  1.0266142  1.2226381  0.9890778  0.98629504 0.5964001
  1.2211074  1.1492302  0.7121125  0.744653  ]
 [1.2509875  0.5862786  0.8529154  0.7825464  1.4860373  1.0764474
  0.82926494 0.95814747 0.92690355 1.3635269 ]
 [0.9224983  1.2152014  1.221516   1.1050956  0.9462595  1.2360172
  1.3303453  0.693947   0.85377914 1.0799079 ]
 [1.4745442  0.94637173 1.2839946  0.85251576 0.816068   0.9698389
  0.600491   0.970818   1.3301332  1.1709073 ]
 [1.0338776  1.022684   1.231735   1.105902   1.1475679  0.6564306
  0.8542757  0.8634145  0.9654362  0.85686225]]
k_hl1_i(1)[230:250,:]: [[1.0288293  1.4514298  0.4992151  0.9449162  0.9973356  0.7417861
  0.9397608  1.283894   1.1539569  0.8890241 ]
 [0.6263564  0.6729305  1.1205884  0.75152963 1.155074   0.64339507
  1.0997679  0.8923212  0.86912745 0.89626336]
 [1.005431   0.71364766 1.2342414  0.9807852  0.8898411  0.9527661
  0.7167578  1.1451447  0.9810581  0.76716334]
 [0.9437848  1.289014   0.8414055  0.7542056  0.7355197  1.0643173
  0.81521297 0.7903281  0.596551   1.0136362 ]
 [0.8897994  1.0500677  0.80114144 0.6845574  1.2087349  1.1324251
  0.9040477  1.1726357  0.9312522  1.0679965 ]
 [0.79045355 1.1188148  1.1294502  0.7556123  1.0493757  0.68316394
  0.8947392  0.87454695 0.9629393  0.36043468]
 [0.7326257  1.1259111  0.8697268  1.2181776  0.98948514 0.87583053
  0.6604854  0.89062834 0.67730874 0.8868986 ]
 [1.0494447  0.98625875 0.7298378  0.72674227 0.70657027 0.8219151
  1.0275413  1.014279   0.713025   0.49849463]
 [0.85905826 1.1648009  0.81331426 0.6452035  1.0014216  0.9394003
  0.903715   0.9349966  1.0343444  1.0732582 ]
 [1.2513398  0.8582202  0.9727269  0.65832436 0.8491529  1.0578041
  1.0296179  0.7968882  0.73192245 1.1219082 ]
 [1.4421413  0.74922794 1.1167823  1.110119   0.7880222  0.7367888
  0.81753916 1.1694335  1.0850347  0.9763354 ]
 [1.1363175  0.851512   0.88314617 1.0352638  0.55103177 1.0229434
  0.9491243  0.52490205 1.183596   0.7749002 ]
 [0.9329524  0.6996538  0.99561524 0.95954555 1.3979708  1.0699142
  1.2752154  0.75131965 1.1846737  0.8219693 ]
 [0.95113254 0.8587679  0.93266124 0.7634285  1.0193787  1.1481773
  1.1309797  0.9708318  0.75889075 1.0425006 ]
 [1.2662928  0.88654345 1.0324037  0.7703053  0.7909451  0.9192569
  0.5131871  0.926272   1.0942386  1.1960635 ]
 [1.1553087  0.6982405  0.74252564 0.96158445 1.0583515  0.7601279
  0.965573   0.9039402  0.96674716 1.0205597 ]
 [0.85042834 0.9777262  1.041236   0.82687193 1.2294887  0.86973107
  1.0808316  1.1841128  0.96600425 0.63137096]
 [0.9769915  1.1460416  1.1723797  1.1674066  0.72415596 0.97266525
  0.7249994  0.81802213 0.8741758  0.860167  ]
 [0.974827   0.9575754  1.2104566  1.1762257  1.2291183  1.116004
  1.1805393  0.6503179  1.1009493  0.95155054]
 [1.115693   1.336559   1.4668947  1.0160011  0.88515913 0.9865275
  0.71339023 0.82115346 1.0097454  0.85215604]]
Accuracy_i(1): 0.09
np_accuracy_i(2): 0.09
k_output_i(2): [[0.8626749  0.99789006 0.7124058  1.0755043  0.94436514 0.8932902
  0.82680804 1.087369   1.2197175  1.1991727 ]
 [0.74394786 0.7364755  0.87347406 0.92775905 0.9611419  1.0532508
  1.157187   0.7832405  0.9524047  0.74849075]
 [0.9281877  0.9361538  0.95540667 0.9509707  0.7399098  1.00501
  1.0650501  0.94819236 1.1571548  1.0644165 ]
 [1.0814266  0.9252368  0.97128    1.1100206  1.114      0.8613519
  1.2034426  0.7993348  1.028001   1.0969064 ]
 [0.6844534  1.1226617  1.0174502  1.0171361  1.2658399  0.9739695
  0.74217623 1.4424964  1.2120866  1.0380144 ]
 [1.1737565  1.0554202  1.2514806  1.0167693  0.98021024 0.6014072
  1.2499467  1.1558431  0.74092746 0.77346337]
 [1.202316   0.614996   0.8817112  0.8104672  1.4797783  1.0813661
  0.85807234 0.9648509  0.9557052  1.3923657 ]
 [0.8737811  1.2441372  1.2504427  1.1329324  0.94009703 1.2409241
  1.3592818  0.70084566 0.88269913 1.1088115 ]
 [1.4258268  0.97526085 1.3129027  0.88029104 0.8110346  0.97477466
  0.62937534 0.9776843  1.3590474  1.1998072 ]
 [0.98512894 1.0516591  1.2607087  1.1338272  1.1414016  0.66140926
  0.88324183 0.8702149  0.9944075  0.8858273 ]]
k_hl1_i(2)[230:250,:]: [[1.0295852  1.4518783  0.4991999  0.94308645 1.0009818  0.7403084
  0.9364826  1.2842429  1.1502302  0.8885034 ]
 [0.6276139  0.673924   1.1206409  0.7485978  1.1610256  0.6404555
  1.0945777  0.89321613 0.86275935 0.8952342 ]
 [1.007457   0.7154252  1.2344505  0.97655827 0.89857733 0.94758046
  0.70951843 1.1468657  0.9713046  0.76528573]
 [0.9468814  1.2917334  0.8419476  0.7485431  0.74720025 1.0562685
  0.8058507  0.7930483  0.58302915 1.0105257 ]
 [0.89409703 1.0537026  0.8022382  0.6775153  1.2227967  1.1214244
  0.8926444  1.176554   0.9141043  1.0633358 ]
 [0.7956934  1.1231467  1.1311417  0.7474903  1.0647726  0.6699763
  0.8815424  0.8796625  0.94289833 0.35424024]
 [0.7383608  1.1303318  0.87192607 1.2092849  1.005252   0.86168575
  0.64552873 0.89672714 0.6557036  0.87961936]
 [1.0551895  0.9900701  0.7322755  0.7172232  0.72206855 0.80791336
  1.0106038  1.0212417  0.6909441  0.49078432]
 [0.8646236  1.1675944  0.81566316 0.63504547 1.0167106  0.92597055
  0.8849952  0.9425381  1.0124875  1.0657339 ]
 [1.2569847  0.86015755 0.97462136 0.64762706 0.86510736 1.0445114
  1.0100302  0.80451024 0.7102989  1.1151233 ]
 [1.4479786  0.751012   1.1179852  1.0992641  0.80527955 0.72318655
  0.7984438  1.1765876  1.0633746  0.9705747 ]
 [1.142133   0.85364777 0.88372266 1.024731   0.56917757 1.0091712
  0.9314918  0.5312222  1.1622115  0.77018934]
 [0.9384028  0.7021891  0.99601775 0.949967   1.4155058  1.0566188
  1.2597181  0.7565181  1.164979   0.81807   ]
 [0.9557152  0.8614876  0.9331244  0.75548625 1.0346533  1.1363142
  1.1183656  0.97479635 0.7424926  1.0392588 ]
 [1.269637   0.8891342  1.0328553  0.7644235  0.8027527  0.90960294
  0.5041416  0.9291414  1.0819861  1.1934206 ]
 [1.1574736  0.70043004 0.7429431  0.9575963  1.0664347  0.752867
  0.95981145 0.9059497  0.9585207  1.0183944 ]
 [0.8516781  0.97940314 1.0415926  0.8243856  1.2343527  0.8646696
  1.0776098  1.1854491  0.9610509  0.62963694]
 [0.9776461  1.1472207  1.1726773  1.1659214  0.72670794 0.9693001
  0.72337353 0.81892985 0.8714074  0.8587508 ]
 [0.9751037  0.95830876 1.2106553  1.175396   1.230286   1.1139838
  1.1797442  0.6509584  1.0994805  0.95057476]
 [1.1157674  1.336881   1.4669868  1.0156446  0.8855652  0.98566186
  0.71306074 0.8214768  1.0091509  0.8517003 ]]
Accuracy_i(2): 0.04
np_accuracy_i(3): 0.04
k_output_i(3): [[0.8709057  1.0228137  0.6688659  1.0997039  0.9730456  0.89817387
  0.8517132  1.0941839  1.1864016  1.1644906 ]
 [0.75220704 0.7614322  0.82993734 0.95204294 0.9899204  1.058123
  1.1821952  0.7900098  0.91902107 0.7137171 ]
 [0.93652534 0.96108574 0.9119392  0.9752027  0.76863277 1.0098608
  1.0899917  0.9549607  1.1237243  1.029566  ]
 [1.0896124  0.95014226 0.9276765  1.1342496  1.1428438  0.86628497
  1.2284126  0.8060628  0.9946063  1.062313  ]
 [0.69281983 1.1476496  0.9738119  1.0413917  1.2945559  0.9788474
  0.7671213  1.449237   1.1786375  1.0034596 ]
 [1.1818992  1.080157   1.207975   1.0408006  1.008789   0.606338
  1.2747475  1.1623292  0.7080384  0.7388176 ]
 [1.2105398  0.6395496  0.8383822  0.8345786  1.5083364  1.0861958
  0.88277656 0.97140574 0.92262554 1.3573347 ]
 [0.88203526 1.2693459  1.2067568  1.1573824  0.96909183 1.2458403
  1.384467   0.70771927 0.84923553 1.0740148 ]
 [1.4339284  0.9998759  1.2693937  0.904242   0.8395739  0.97960114
  0.6540399  0.98436487 1.3256414  1.1657265 ]
 [0.9932464  1.0766548  1.2170845  1.1581442  1.1702591  0.6663448
  0.90823865 0.8769265  0.9611086  0.85131097]]
k_hl1_i(3)[230:250,:]: [[1.0293134  1.4518877  0.49812043 0.94250304 1.0017396  0.7416335
  0.93593717 1.283191   1.147501   0.8879705 ]
 [0.62723666 0.6740891  1.118925   0.7478571  1.1618356  0.64222604
  1.0941548  0.8914911  0.85827994 0.89400333]
 [1.007218   0.71573544 1.2320077  0.97582793 0.8991154  0.9494059
  0.70993733 1.1443026  0.96466506 0.7627428 ]
 [0.9472424  1.2921544  0.8388274  0.74801755 0.7472143  1.0575635
  0.8078694  0.78944635 0.5740268  1.0059713 ]
 [0.895014   1.0542518  0.79862756 0.67726994 1.2219554  1.1221493
  0.89620453 1.1722467  0.90302587 1.0565997 ]
 [0.79644114 1.123968   1.1271746  0.747345   1.0629802  0.67078876
  0.885451   0.87527555 0.9303255  0.34597173]
 [0.738469   1.1313355  0.86776376 1.2089115  1.0028338  0.8631873
  0.648175   0.8926806  0.6423279  0.8708006 ]
 [1.0543985  0.9909246  0.72786856 0.7162728  0.7194458  0.8105425
  1.0106605  1.0179396  0.6771257  0.4823383 ]
 [0.8636481  1.167797   0.81104493 0.6334285  1.0143709  0.9291751
  0.8828373  0.9398107  0.9984941  1.0577805 ]
 [1.2568485  0.8594842  0.96979976 0.6456376  0.86349845 1.0472767
  1.0073215  0.8016542  0.6964052  1.1074805 ]
 [1.4489245  0.7498032  1.112905   1.0973804  0.8044518  0.72502655
  0.7970512  1.1729283  1.0497899  0.96312165]
 [1.1433362  0.85238814 0.8782604  1.0231817  0.5688147  1.0105572
  0.9320539  0.52673453 1.1491648  0.7632701 ]
 [0.9386336  0.70127505 0.99034476 0.9487101  1.4149935  1.0584115
  1.2614924  0.7516632  1.1531951  0.8122856 ]
 [0.9545954  0.86115086 0.92787683 0.75440115 1.0336204  1.1386702
  1.1201068  0.97009444 0.7329934  1.0348917 ]
 [1.2675939  0.88936263 1.02862    0.7634818  0.80122596 0.91200745
  0.50527483 0.9251858  1.0753101  1.1903654 ]
 [1.1553675  0.7010734  0.7400206  0.95676535 1.0649213  0.75454247
  0.9602826  0.90308905 0.9543649  1.016256  ]
 [0.8502658  0.98015505 1.0399336  0.8237364  1.2332441  0.8651212
  1.0779264  1.1837032  0.9586547  0.62793595]
 [0.9770255  1.1478962  1.1719682  1.165414   0.72613883 0.96872133
  0.723674   0.8182177  0.86996233 0.8572812 ]
 [0.9748786  0.95881826 1.2104369  1.1750348  1.2300891  1.1131831
  1.1798937  0.6509204  1.0985963  0.94956297]
 [1.1156621  1.3371191  1.4669265  1.0154666  0.8854819  0.98524743
  0.7131039  0.82158184 1.008757   0.8512372 ]]
Accuracy_i(3): 0.14
np_accuracy_i(4): 0.14
k_output_i(4): [[0.8790228  1.0451403  0.682462   1.1214979  0.9237482  0.9030362
  0.87400645 1.1009393  1.2061291  1.1836585 ]
 [0.76036716 0.7837894  0.84360915 0.9739159  0.94062614 1.0629805
  1.2046007  0.7967249  0.93878275 0.732886  ]
 [0.94472456 0.9833322  0.9255815  0.99695134 0.719348   1.0146731
  1.1122531  0.9616425  1.1433456  1.0485712 ]
 [1.0976946  0.97243524 0.94124967 1.1560609  1.0935572  0.8711962
  1.2507684  0.81273013 1.014306   1.0815114 ]
 [0.7010487  1.16998    0.98732525 1.0631814  1.2452834  0.9836921
  0.7893979  1.4559113  1.1983105  1.0226986 ]
 [1.1899467  1.1023368  1.2215453  1.062467   0.9595067  0.61124706
  1.2969841  1.1687691  0.72777015 0.7578216 ]
 [1.2186571  0.6615471  0.85201365 0.8562876  1.4590524  1.0910037
  0.90492713 0.97791004 0.9422034  1.3761555 ]
 [0.89016116 1.2918234  1.2203664  1.1793089  0.91979384 1.2507219
  1.4069283  0.71450925 0.8690575  1.0932506 ]
 [1.4418514  1.0217109  1.282742   0.9256413  0.7903366  0.9843515
  0.675947   0.99090946 1.3448945  1.1846766 ]
 [1.0012214  1.0989062  1.2306101  1.1799194  1.1209763  0.6712293
  0.9304968  0.8835416  0.9807901  0.87047124]]
k_hl1_i(4)[230:250,:]: [[1.0296314  1.4506735  0.50010765 0.9406807  1.0004382  0.74220157
  0.9304887  1.2832408  1.1496207  0.8863391 ]
 [0.6276674  0.67207915 1.1224977  0.7448969  1.1589696  0.64287025
  1.0851527  0.89180994 0.8622304  0.89095634]
 [1.0078586  0.7126743  1.2377597  0.97150105 0.8938851  0.94981813
  0.6968094  1.1450491  0.97112924 0.7576094 ]
 [0.9482512  1.2878389  0.8472883  0.74215263 0.73909163 1.0573943
  0.7904243  0.7907029  0.5834729  0.9981583 ]
 [0.8964785  1.048634   0.8100224  0.6699187  1.210873   1.1211872
  0.87486035 1.174209   0.91535234 1.0458602 ]
 [0.7982684  1.1173526  1.1410211  0.73886114 1.0495802  0.66923153
  0.86121213 0.87808335 0.94460994 0.332757  ]
 [0.7405289  1.1240005  0.88310546 1.1996908  0.9880733  0.86151385
  0.6220633  0.89633447 0.6575493  0.8561209 ]
 [1.0565348  0.9829998  0.7437121  0.70657134 0.70420694 0.80927694
  0.9834033  1.022533   0.6924342  0.4672716 ]
 [0.8658124  1.1592585  0.82672215 0.62327355 0.99932843 0.9284594
  0.8549761  0.94513947 1.0136396  1.0430961 ]
 [1.2591913  0.8503083  0.9850814  0.6350609  0.8489878  1.0467526
  0.9791686  0.80713826 0.7116998  1.0935389 ]
 [1.4513532  0.7402883  1.127744   1.0866129  0.7904809  0.72436184
  0.7689319  1.1778688  1.0655216  0.94993246]
 [1.1455786  0.8429748  0.89251345 1.0125861  0.555368   1.0097048
  0.90446496 0.5307127  1.1653554  0.75084144]
 [0.9404826  0.6924773  1.0036844  0.9388411  1.4020802  1.0573884
  1.2353188  0.7544541  1.1696643  0.8007233 ]
 [0.9558661  0.85363847 0.93952256 0.74597394 1.0216185  1.1375865
  1.0968428  0.97176605 0.74871564 1.0246705 ]
 [1.2682327  0.88369167 1.0377401  0.75704926 0.7908785  0.91089886
  0.48673087 0.9260986  1.0887035  1.1820424 ]
 [1.1555896  0.6973845  0.7464201  0.9523045  1.0570234  0.75329417
  0.9472927  0.9036408  0.96429116 1.0100214 ]
 [0.8503077  0.97820455 1.0439144  0.8209283  1.228114   0.8637483
  1.07009    1.1841125  0.96488136 0.62367785]
 [0.9770668  1.1472052  1.1741551  1.1637723  0.72346574 0.9672907
  0.7196339  0.8186539  0.873029   0.8545655 ]
 [0.97490937 0.95875347 1.2114888  1.1741594  1.2289767  1.1120386
  1.1780573  0.65137684 1.0997181  0.94803876]
 [1.1156553  1.3371631  1.4673288  1.0151001  0.8850816  0.98470044
  0.7124095  0.82184595 1.009092   0.8505922 ]]
Accuracy_i(4): 0.11
np_accuracy_i(5): 0.11
k_output_i(5): [[0.88703454 1.0655442  0.6955811  1.0734663  0.9285308  0.90787864
  0.89354146 1.1076418  1.2244855  1.2015706 ]
 [0.76838446 0.8040914  0.85673815 0.9258951  0.945413   1.0677916
  1.224163   0.8033427  0.9570694  0.7506919 ]
 [0.952896   1.0038924  0.93887746 0.9488713  0.72421116 1.0195186
  1.1319733  0.96834177 1.1617976  1.066526  ]
 [1.1056302  0.9926547  0.9542739  1.1080518  1.0983689  0.87605304
  1.2702814  0.8192924  1.0325183  1.0993197 ]
 [0.70907336 1.1901388  1.0002238  1.015177   1.2500836  0.9884553
  0.8087248  1.4624535  1.2164115  1.0404582 ]
 [1.1978929  1.1226046  1.2346452  1.0144439  0.96431744 0.6161295
  1.3165016  1.1751535  0.74610776 0.7755706 ]
 [1.2265146  0.6812201  0.8648963  0.8083685  1.4637547  1.0956839
  0.924007   0.98421496 0.9600503  1.3933996 ]
 [0.89821476 1.3124429  1.2335627  1.1312456  0.9246311  1.2556046
  1.4267     0.7212647  0.88756216 1.1112766 ]
 [1.4497623  1.0419413  1.2957735  0.87761575 0.7952799  0.98913497
  0.69539815 0.9974724  1.3630469  1.2025769 ]
 [1.0090308  1.1190608  1.2435634  1.1319607  1.1257573  0.67604464
  0.94985676 0.89003503 0.9989423  0.888197  ]]
k_hl1_i(5)[230:250,:]: [[1.028482   1.44971    0.49978226 0.938806   1.0016521  0.7422884
  0.93191844 1.2811723  1.150929   0.884699  ]
 [0.6255127  0.6704987  1.1220046  0.7418383  1.1604848  0.6426639
  1.088056   0.8884202  0.8647579  0.88788986]
 [1.0044198  0.71027553 1.2371159  0.9670175  0.89544463 0.9488947
  0.7019731  1.1400146  0.97537565 0.75245655]
 [0.9433868  1.2844663  0.84658295 0.73607713 0.7404507  1.0553373
  0.7983611  0.78381264 0.58979255 0.99037397]
 [0.8902737  1.0442781  0.80950606 0.66235524 1.2116863  1.1178576
  0.8853989  1.1658146  0.92371166 1.0353134 ]
 [0.7910377  1.1122786  1.1408575  0.7302108  1.0497218  0.66499454
  0.8734348  0.8689208  0.9543455  0.31998682]
 [0.73278946 1.1184055  0.8833039  1.1903868  0.9877845  0.85702574
  0.63459027 0.8871377  0.66795796 0.8421258 ]
 [1.0486941  0.9769359  0.74408716 0.6968893  0.7038836  0.8051865
  0.9948695  1.0139707  0.70291156 0.45303693]
 [0.8581136  1.1526508  0.82703495 0.613242   0.99938893 0.9249724
  0.86475486 0.937336   1.0240395  1.029286  ]
 [1.251718   0.843087   0.9850638  0.62465906 0.84974176 1.043478
  0.98792565 0.7995044  0.7222724  1.0804135 ]
 [1.4438516  0.7326822  1.127168   1.0759704  0.7918399  0.7208886
  0.77805316 1.1696116  1.0764405  0.93741274]
 [1.1378033  0.8353492  0.891304   1.001982   0.5570217  1.0059566
  0.9147176  0.52152556 1.1766024  0.73887783]
 [0.93264765 0.68528783 1.0021279  0.9288169  1.4034956  1.0534906
  1.2465266  0.74460715 1.181185   0.7894229 ]
 [0.9486207  0.8474736  0.9380241  0.73729265 1.0223359  1.1338828
  1.1079193  0.9621825  0.7598918  1.0145437 ]
 [1.2622248  0.8790329  1.0365375  0.75033444 0.7907507  0.9076581
  0.496475   0.9179709  1.0984175  1.1736926 ]
 [1.1511993  0.69437057 0.7456282  0.9476017  1.0564374  0.7505118
  0.95473254 0.8977433  0.9716165  1.0037087 ]
 [0.8475409  0.97664416 1.0435122  0.8179486  1.2275213  0.86141396
  1.0749233  1.1805267  0.96951437 0.619342  ]
 [0.9756548  1.146709   1.1740721  1.1620349  0.72316396 0.96535426
  0.722193   0.8170051  0.87527066 0.8518022 ]
 [0.97430456 0.95877445 1.2115448  1.1732427  1.2289124  1.1106718
  1.1791275  0.6509166  1.1004801  0.9464951 ]
 [1.1154231  1.3372396  1.4673758  1.0147208  0.88506    0.98407525
  0.7127603  0.8217829  1.0093004  0.84994256]]
Accuracy_i(5): 0.1
np_accuracy_i(6): 0.1
k_output_i(6): [[0.89489233 1.084312   0.7081839  1.0794408  0.9332576  0.91266537
  0.8453691  1.1142418  1.241372   1.2182696 ]
 [0.7762741  0.8228257  0.869395   0.9318917  0.9501598  1.0725632
  1.1760607  0.80987465 0.9739506  0.76734614]
 [0.96095705 1.0229043  0.9517218  0.9548644  0.7290478  1.0243398
  1.0837909  0.9749775  1.1788665  1.0833582 ]
 [1.113424   1.0112633  0.96680325 1.1140229  1.1031265  0.8808557
  1.2222298  0.8257516  1.0492922  1.115932  ]
 [0.7169841  1.2088411  1.0127037  1.0211502  1.2548611  0.9931933
  0.7606138  1.4689442  1.2331914  1.0571405 ]
 [1.2057263  1.1413409  1.2472954  1.0204139  0.9690924  0.62097514
  1.2684253  1.1814687  0.76304704 0.79219276]
 [1.2343395  0.6996455  0.87746054 0.81442845 1.468483   1.1003839
  0.87595654 0.99052936 0.97675544 1.4097949 ]
 [0.9061261  1.3314229  1.2462674  1.1372465  0.9294179  1.2604387
  1.3785536  0.7279163  0.9045982  1.1280837 ]
 [1.4576342  1.0608331  1.3084714  0.88364077 0.8002337  0.9939329
  0.6472759  1.0040276  1.3799924  1.2194879 ]
 [1.016683   1.1375935  1.2560054  1.1379657  1.1304715  0.6807933
  0.90175134 0.896412   1.0156282  0.9046969 ]]
k_hl1_i(6)[230:250,:]: [[1.0296879  1.446117   0.49801737 0.9357209  1.0054765  0.739712
  0.93261427 1.2765273  1.1545861  0.8854384 ]
 [0.62754136 0.6643889  1.1190387  0.7367212  1.1665765  0.6378688
  1.0897349  0.88063955 0.87137806 0.889031  ]
 [1.0076277  0.70094013 1.2326633  0.9594106  0.90410453 0.9409569
  0.7053147  1.1283911  0.9858525  0.7539253 ]
 [0.9481531  1.2715058  0.8405227  0.7257061  0.7516902  1.0436624
  0.80383253 0.76810586 0.6044975  0.99201477]
 [0.8967579  1.027959   0.8021259  0.64943314 1.2248281  1.1027125
  0.89289755 1.1467714  0.94212586 1.0368705 ]
 [0.7989322  1.0936021  1.1326873  0.7154532  1.0638397  0.6475284
  0.8822294  0.84786487 0.975141   0.3212693 ]
 [0.74158424 1.0984306  0.87487614 1.1746024  1.0023489  0.8385615
  0.64354396 0.8653081  0.6899232  0.843236  ]
 [1.0578532  0.95638746 0.735639   0.6806536  0.71872157 0.78677106
  1.0028089  0.9923391  0.7251494  0.4543097 ]
 [0.86733115 1.1318114  0.8185274  0.5967441  1.0146043  0.9070205
  0.87111765 0.91624075 1.0461876  1.0310202 ]
 [1.2610462  0.8218748  0.97618544 0.60782975 0.86562395 1.0256221
  0.99329114 0.7784653  0.74446803 1.0828364 ]
 [1.4531367  0.7111281  1.1176287  1.058837   0.8083134  0.7027358
  0.78367865 1.147992   1.0988294  0.9404886 ]
 [1.1466749  0.8137665  0.8811415  0.9848435  0.57363194 0.98760307
  0.9213448  0.49928966 1.1991295  0.7424541 ]
 [0.94070446 0.66443753 0.9919993  0.9124147  1.4193413  1.0355097
  1.2541102  0.72239864 1.2035915  0.7930942 ]
 [0.9552855  0.8287476  0.92897314 0.72281235 1.0361881  1.1174327
  1.1156573  0.9413967  0.7811269  1.0177416 ]
 [1.2670583  0.8639745  1.0293993  0.7388989  0.80146384 0.8939834
  0.5034817  0.90040845 1.1167865  1.1759444 ]
 [1.1543318  0.68381256 0.7407136  0.93953705 1.0637689  0.740198
  0.9602252  0.884765   0.98562324 1.0048716 ]
 [0.8493547  0.97040504 1.0406213  0.8129117  1.2319127  0.8544
  1.0785761  1.1724205  0.97853935 0.6195991 ]
 [0.97661716 1.1437861  1.1727141  1.1592388  0.72548574 0.96098125
  0.72415096 0.8129758  0.8798745  0.85142994]
 [0.9747408  0.95773065 1.2110418  1.1718618  1.2300037  1.1082313
  1.179934   0.6494077  1.1022875  0.9460032 ]
 [1.1155624  1.3369341  1.4672216  1.0141745  0.88545144 0.983064
  0.71301574 0.8213437  1.0098821  0.8496693 ]]
Accuracy_i(6): 0.02
np_accuracy_i(7): 0.02
k_output_i(7): [[0.9026897  1.1019872  0.7204614  1.0854071  0.9379917  0.9174575
  0.8508195  1.1208266  1.1948214  1.2262858 ]
 [0.78395766 0.84007597 0.8814913  0.9377528  0.954809   1.0772392
  1.1815249  0.81624484 0.92750037 0.77510864]
 [0.96886456 1.0405416  0.96408087 0.9607722  0.73382473 1.0291044
  1.0892459  0.98150605 1.1323024  1.0912853 ]
 [1.1210443  1.0284691  0.9788244  1.1198807  1.1078049  0.8855791
  1.2277522  0.83207566 1.0028399  1.1237504 ]
 [0.72486854 1.2265751  1.0249352  1.0271482  1.2596745  0.9979628
  0.7661545  1.4754623  1.1866108  1.0652738 ]
 [1.2133718  1.1586335  1.2594103  1.0262587  0.97377694 0.6257303
  1.2739321  1.1876429  0.71658516 0.7998663 ]
 [1.242112   0.7169929  0.8897004  0.82047355 1.4732225  1.1050892
  0.8815348  0.99683344 0.9302097  1.417509  ]
 [0.9138234  1.3488829  1.2584037  1.1431093  0.93410146 1.2651719
  1.3840045  0.73439455 0.85810643 1.135905  ]
 [1.4655354  1.0788084  1.320974   0.8897251  0.805247   0.99879134
  0.6529116  1.0106387  1.3332536  1.2277696 ]
 [1.0242656  1.1550273  1.2681171  1.1439458  1.1351783  0.68553334
  0.9072271  0.90275437 0.9691386  0.912575  ]]
k_hl1_i(7)[230:250,:]: [[1.0273324  1.4452788  0.4958696  0.9349922  1.0050124  0.7429627
  0.93268365 1.2773072  1.1512576  0.88559884]
 [0.6233167  0.6630733  1.1153978  0.73571014 1.1652087  0.6431882
  1.0903144  0.88224137 0.8659305  0.88914925]
 [1.0010208  0.69901294 1.2271528  0.95820725 0.9012577  0.94858634
  0.706996   1.1311402  0.9779876  0.753779  ]
 [0.9388949  1.2688878  0.83296615 0.7244226  0.74700755 1.0535167
  0.8070704  0.7721582  0.5943278  0.99134696]
 [0.8850307  1.0247138  0.7928315  0.6482072  1.2182574  1.1143087
  0.897617   1.1522096  0.9302518  1.0354617 ]
 [0.78536785 1.0900046  1.1222949  0.7143404  1.0558033  0.66028535
  0.88774204 0.8545327  0.962179   0.31912518]
 [0.72708493 1.0946699  0.86409354 1.1735092  0.99356544 0.85215825
  0.648772   0.8729331  0.6764199  0.8407291 ]
 [1.0431247  0.95249337 0.7248763  0.679398   0.7098828  0.8011576
  1.0066795  1.0008363  0.71136206 0.4519886 ]
 [0.85277617 1.1275896  0.80783325 0.5951262  1.0061923  0.9220393
  0.8733551  0.9254298  1.0323862  1.0292722 ]
 [1.2467384  0.81709856 0.9652476  0.605857   0.8578115  1.0408679
  0.9947454  0.78788453 0.73089117 1.081851  ]
 [1.4387816  0.7058788  1.1061025  1.056693   0.8009158  0.71782374
  0.7856793  1.1569749  1.0855436  0.940144  ]
 [1.1320982  0.8083457  0.86904645 0.9827233  0.5664675  1.0023164
  0.9245725  0.50734705 1.1862118  0.74258953]
 [0.92636794 0.65923464 0.9800082  0.9105146  1.4122488  1.0494677
  1.258475   0.72919834 1.191545   0.79342645]
 [0.94226384 0.82421976 0.9182082  0.7212478  1.0292554  1.1299175
  1.120436   0.9467834  0.7707051  1.0179589 ]
 [1.2564352  0.86051446 1.0208316  0.7377286  0.7951091  0.9040179
  0.5079813  0.90442514 1.1085865  1.1758256 ]
 [1.1466793  0.68161964 0.7347611  0.93867666 1.0586951  0.747051
  0.9638109  0.88758206 0.97983474 1.0043777 ]
 [0.84459025 0.96935576 1.0370829  0.8122742  1.2285239  0.8580965
  1.0810028  1.1742514  0.97493476 0.6188457 ]
 [0.97417116 1.1435628  1.1710154  1.1587187  0.72372127 0.9622084
  0.72545916 0.8141614  0.8777947  0.8505321 ]
 [0.97367865 0.9578736  1.2103878  1.1714779  1.229293   1.1082593
  1.1804469  0.6501923  1.1011416  0.94527954]
 [1.1151637  1.3370521  1.4670118  1.0139848  0.8851947  0.98293877
  0.71316636 0.8217268  1.0094024  0.8493114 ]]
Accuracy_i(7): 0.12
np_accuracy_i(8): 0.12
k_output_i(8): [[0.91030467 1.1140392  0.7322396  1.0912591  0.9426445  0.9221691
  0.85616606 1.1272773  1.2009954  1.17867   ]
 [0.7915346  0.8519209  0.89321953 0.94356    0.9594266  1.0818839
  1.186946   0.8225451  0.9336784  0.7275092 ]
 [0.976612   1.0526055  0.9759759  0.96658635 0.73853403 1.0338045
  1.0946193  0.98791885 1.1384668  1.043644  ]
 [1.1285766  1.040293   0.9905058  1.1256965  1.1124618  0.89027995
  1.2332414  0.8383446  1.0090135  1.0761694 ]
 [0.7325965  1.238688   1.0367279  1.0330589  1.2644314  1.0026743
  0.77161646 1.4818845  1.1927893  1.0176321 ]
 [1.2210126  1.1707132  1.2713143  1.0321317  0.978497   0.6305181
  1.2794733  1.1938453  0.72287506 0.7521859 ]
 [1.2498119  0.7290304  0.90160406 0.8264851  1.4779574  1.109785
  0.88709086 1.0031071  0.9364096  1.3698336 ]
 [0.92148453 1.3610224  1.2702866  1.1489805  0.93880206 1.2699223
  1.3894708  0.7408662  0.8643711  1.0882515 ]
 [1.473262   1.0909944  1.3329695  0.8956942  0.81017363 1.0035706
  0.6584433  1.0171145  1.3393619  1.1800741 ]
 [1.0317616  1.16705    1.2798907  1.1498849  1.139864   0.69025135
  0.91267073 0.90904444 0.9753517  0.8649521 ]]
k_hl1_i(8)[230:250,:]: [[1.0251741  1.4464757  0.49464533 0.9335482  1.0062593  0.7458345
  0.9284223  1.2757677  1.1495064  0.88681203]
 [0.61942834 0.66528094 1.1133537  0.7334344  1.1667888  0.6478152
  1.0834385  0.8798106  0.8631833  0.8910838 ]
 [0.99494946 0.702532   1.224125   0.9550085  0.9029294  0.9550916
  0.69732255 1.1276784  0.97420484 0.7564405 ]
 [0.9304396  1.2738805  0.8289266  0.72027785 0.7485343  1.0617231
  0.7948006  0.7676209  0.5896684  0.9946064 ]
 [0.87441164 1.0310653  0.7880639  0.64327615 1.2193257  1.1237917
  0.88328713 1.1469862  0.9250456  1.0390295 ]
 [0.7731766  1.0973848  1.1171827  0.7089039  1.056307   0.6706552
  0.87194556 0.849179   0.9565857  0.32271695]
 [0.71412915 1.1025192  0.8589916  1.1678135  0.99373776 0.8632494
  0.63188624 0.86790544 0.6705962  0.84434134]
 [1.030048   0.96027744 0.7199323  0.67358077 0.7101073  0.81300205
  0.9888715  0.99656475 0.7053528  0.45590627]
 [0.83998144 1.1348734  0.80301046 0.5891611  1.0068362  0.9344336
  0.85499674 0.9218884  1.0264299  1.0337262 ]
 [1.2343402  0.8236895  0.96028614 0.59972614 0.85906756 1.0532513
  0.97643274 0.7844133  0.7253132  1.0869488 ]
 [1.4264328  0.712018   1.100652   1.0504131  0.80266494 0.729872
  0.76774454 1.152854   1.0803851  0.9458501 ]
 [1.1194715  0.81435823 0.8629753  0.9763684  0.56849056 1.0140678
  0.9070564  0.5023811  1.1813704  0.7488538 ]
 [0.9137256  0.66518474 0.97368973 0.9043426  1.4141039  1.0607721
  1.2416018  0.72355914 1.1872282  0.7998159 ]
 [0.93053716 0.8298079  0.9123595  0.7157269  1.0304443  1.1401557
  1.1050302  0.9409617  0.7672684  1.0236353 ]
 [1.2466751  0.86528206 1.016086   0.7333317  0.7954011  0.9122961
  0.49532634 0.8991844  1.106186   1.1800483 ]
 [1.1395202  0.68529415 0.7314336  0.9355078  1.0584207  0.7526768
  0.9546761  0.88361055 0.97831637 1.0069116 ]
 [0.84006613 0.97190464 1.0351104  0.8101954  1.2281172  0.8610267
  1.0753781  1.1717892  0.9740194  0.61991704]
 [0.9718231  1.1451912  1.1701065  1.1574327  0.723502   0.9630164
  0.7225246  0.8130714  0.8771185  0.85055864]
 [0.97265154 0.9588204  1.2100723  1.1707511  1.2292533  1.1080928
  1.1790897  0.6499667  1.1006079  0.94495195]
 [1.1147786  1.3374596  1.4669245  1.0136727  0.8851794  0.9827422
  0.7126478  0.8217458  1.0091444  0.8490956 ]]
Accuracy_i(8): 0.14
np_accuracy_i(9): 0.14
k_output_i(9): [[0.917753   1.065126   0.7435561  1.0970069  0.9472234  0.92680734
  0.8614181  1.1336061  1.2070526  1.1836041 ]
 [0.799073   0.80293584 0.9046894  0.9493692  0.96405846 1.0865418
  1.1923766  0.8288384  0.93985516 0.73247665]
 [0.9842361  1.0036224  0.98747545 0.97233516 0.74319875 1.0384625
  1.099937   0.99424875 1.144556   1.048567  ]
 [1.1360002  0.9912899  1.0018177  1.1314505  1.1170802  0.8949417
  1.2386787  0.8445368  1.0151147  1.081115  ]
 [0.74022365 1.1896768  1.0481753  1.0389262  1.2691674  1.0073625
  0.7770406  1.4882597  1.1989205  1.0226529 ]
 [1.2286342  1.1217253  1.2829782  1.0380195  0.983242   0.6353281
  1.2850364  1.2000612  0.7291762  0.7571598 ]
 [1.2573206  0.68006605 0.91299415 0.8323608  1.4826015  1.1143894
  0.89252883 1.0092378  0.9424638  1.3746854 ]
 [0.92903847 1.3120357  1.2818033  1.1547986  0.94346875 1.2746397
  1.3948951  0.74726236 0.87057173 1.0932068 ]
 [1.4808646  1.0419632  1.3445522  0.9015887  0.8150468  1.0083022
  0.66390824 1.0235003  1.3453907  1.1850674 ]
 [1.0392061  1.118107   1.2913831  1.1558118  1.1445519  0.69497013
  0.9181091  0.9153144  0.98154867 0.86994904]]
k_hl1_i(9)[230:250,:]: [[1.0242368  1.446929   0.493877   0.93302333 1.0057658  0.7449285
  0.93129337 1.2719673  1.1492196  0.88543445]
 [0.61765546 0.6661781  1.1120896  0.7327456  1.1653343  0.6458991
  1.088778   0.87348825 0.86293715 0.8884801 ]
 [0.9921319  0.7039862  1.2222732  0.95424056 0.89990765 0.95158064
  0.706013   1.118331   0.9741552  0.75201184]
 [0.9265226  1.2759401  0.8264965  0.7195148  0.7435722  1.0562111
  0.8071415  0.75517    0.5899695  0.98786646]
 [0.8695327  1.033644   0.7852916  0.64261657 1.2123628  1.1163716
  0.89865494 1.1321287  0.92576754 1.0298676 ]
 [0.7676183  1.1003678  1.114347   0.70840716 1.0477816  0.66199833
  0.8891125  0.8329682  0.9575286  0.31162882]
 [0.7083069  1.1056465  0.8563256  1.1674322  0.98436975 0.8542141
  0.6495109  0.8512742  0.6716198  0.83224195]
 [1.0243001  0.9632783  0.7174997  0.6732116  0.70060706 0.8043463
  1.0057749  0.9802736  0.70632374 0.44372252]
 [0.8345162  1.1374865  0.8007171  0.58860356 0.9977679  0.9264386
  0.8705764  0.9062261  1.0274558  1.0220938 ]
 [1.2291913  0.8257644  0.95782626 0.5988876  0.85067636 1.0455419
  0.9912167  0.7689775  0.7266206  1.0760919 ]
 [1.4212836  0.7137172  1.0976763  1.0493664  0.7947845  0.7219887
  0.7829193  1.1370069  1.082033   0.9356149 ]
 [1.1140406  0.81595004 0.8593851  0.97526574 0.5609105  1.0059265
  0.9231963  0.48595217 1.1833397  0.7391308 ]
 [0.9081088  0.66681904 0.96982414 0.9033481  1.4066185  1.0525683
  1.2583852  0.70691967 1.1896749  0.7906234 ]
 [0.9251558  0.83148015 0.90877    0.714933   1.0231339  1.1324133
  1.1213372  0.92509216 0.7701916  1.015325  ]
 [1.2420241  0.86686915 1.0131919  0.7327711  0.78870696 0.9055828
  0.5097934  0.8854529  1.1092228  1.1730958 ]
 [1.1360027  0.68669534 0.72944254 0.93508035 1.0530502  0.7472746
  0.96596014 0.8732198  0.9809126  1.0015606 ]
 [0.8377986  0.97305757 1.0339746  0.80981636 1.2245079  0.85701275
  1.0828272  1.1651915  0.97576064 0.61616164]
 [0.97065187 1.1460973  1.1696361  1.1570331  0.72160095 0.9601823
  0.72650415 0.80978715 0.8778547  0.8480855 ]
 [0.97214085 0.95944923 1.2099484  1.170413   1.2284713  1.1063182
  1.1807846  0.64877087 1.1006972  0.9435249 ]
 [1.1145785  1.3377532  1.4669058  1.0134997  0.88489825 0.9819687
  0.71322215 0.8214175  1.0091095  0.84848595]]
Accuracy_i(9): 0.08
np_accuracy_i(10): 0.08
